6298.05991271797  851.
6299.98714352423  853.
6301.91638524227  854.5
6303.84763563643  853.5
6305.78089247104  857.
6307.71615351046  857.5
6309.65341651902  857.5
6311.59267926106  860.
6313.53393950091  860.5
6315.47719500294  862.5
6317.42244353146  862.
6319.36968285083  865.
6321.31891072538  864.5
6323.27012491946  867.
6325.2233231974  869.5
6327.17850332355  872.
6329.13566306224  872.
6331.09480017782  874.5
6333.05591243462  875.
6335.018997597  878.
6336.98405342928  879.
6338.95107769581  881.
6340.92006816093  882.5
6342.89102258898  883.5
6344.8639387443  887.5
6346.83881439124  888.
6348.81564729412  890.
6350.7944352173  892.5
6352.77517592511  894.5
6354.75786718189  897.
6356.74250675199  900.
6358.72909239973  901.5
6360.71762188948  904.5
6362.70809298556  908.
6364.70050345232  909.
6366.69485105409  913.5
6368.69113355522  913.5
6370.68934872005  918.5
6372.68949431292  921.
6374.69156809816  925.
6376.69556784013  928.
6378.70149130315  930.
6380.70933625158  935.5
6382.71910044974  937.5
6384.73078166199  943.5
6386.74437765266  947.5
6388.7598861861  950.
6390.77730502663  955.
6392.79663193861  960.
6394.81786468638  964.
6396.84100103427  968.
6398.86603874662  975.
6400.89297558778  979.
6402.92180932209  983.5
6404.95253771389  989.5
6406.98515852751  997.
6409.0196695273  1000.
6411.0560684776  1009.
6413.09435314275  1016.
6415.13452128708  1023.
6417.17657067495  1030.
6419.2204990707  1038.
6421.26630423865  1045.5
6423.31398394315  1054.
6425.36353594855  1064.5
6427.41495801918  1073.
6429.46824791938  1084.5
6431.5234034135  1094.5
6433.58042226588  1106.
6435.63930224084  1120.5
6437.70004110275  1131.
6439.76263661593  1145.5
6441.82708654473  1160.
6443.89338865348  1177.
6445.96154070654  1194.5
6448.03154046823  1214.
6450.1033857029  1230.5
6452.1770741749  1254.
6454.25260364855  1278.5
6456.3299718882  1301.
6458.4091766582  1330.
6460.49021572288  1361.
6462.57308684658  1392.5
6464.65778779364  1428.
6466.74431632841  1470.5
6468.83267021522  1515.5
6470.92284721842  1563.
6473.01484510234  1618.
6475.10866163133  1682.5
6477.20429456973  1755.5
6479.30174168187  1842.
6481.4010007321  1946.
6483.50206948475  2060.
6485.60494570418  2210.5
6487.70962715472  2393.
6489.81611160071  2620.
6491.92439680648  2925.5
6494.03448053639  3359.5
6496.14636055477  4169.
6498.26003462596  6309.
6500.3755005143  7691.5
6502.49275598414  7850.5
6504.61179879981  7849.5
6506.73262672566  7893.
6508.85523752602  7984.5
6510.97962896523  8032.
6513.10579880765  8007.
6515.2337448176  8001.5
6517.36346475942  8059.5
6519.49495639746  7987.
6521.62821749607  8010.
6523.76324581957  7926.5
6525.9000391323  7940.
6528.03859519862  8047.5
6530.17891178286  8163.5
6532.32098664937  8076.5
6534.46481756247  7887.5
6536.61040228651  7931.5
6538.75773858584  8030.5
6540.90682422479  8028.5
6543.05765696771  8020.
6545.21023457893  7956.5
6547.36455482279  7964.5
6549.52061546364  7945.5
6551.67841426581  7940.
6553.83794899366  7942.
6555.9992174115  8008.
6558.1622172837  7997.
6560.32694637458  7897.
6562.4934024485  8114.
6564.66158326978  8019.5
6566.83148660277  8110.5
6569.00311021182  8096.5
6571.17645186125  8089.
6573.35150931542  8142.
6575.52828033866  8026.
6577.70676269531  8178.
6579.88695414971  8180.
6582.06885246621  8153.5
6584.25245540914  7976.5
6586.43776074285  7972.
6588.62476623167  7983.5
6590.81346963995  8084.5
6593.00386873202  7982.5
6595.19596127223  8035.5
6597.38974502492  8061.
6599.58521775443  8052.5
6601.7823772251  8098.
6603.98122120126  8099.
6606.18174744727  8093.5
6608.38395372746  8127.5
6610.58783780616  8196.
6612.79339744773  8144.5
6615.0006304165  8159.
6617.20953447682  8098.
6619.42010739301  8130.5
6621.63234692943  8131.5
6623.84625085042  8112.
6626.06181692031  8088.
6628.27904290344  8148.5
6630.49792656416  8162.5
6632.71846566681  8246.5
6634.94065797573  8131.5
6637.16450125525  8147.
6639.38999326972  8162.5
6641.61713178348  8147.5
6643.84591456087  8087.5
6646.07633936623  8119.
6648.3084039639  8158.5
6650.54210611821  8172.
6652.77744359353  8107.5
6655.01441415417  8233.
6657.25301556449  8014.
6659.49324558882  8267.5
6661.7351019915  8350.5
6663.97858253688  8113.
6666.22368498929  8158.
6668.47040711308  8221.
6670.71874667258  8172.5
6672.96870143214  8216.5
6675.2202691561  8184.
6677.4734476088  8126.
6679.72823455457  8203.
6681.98462775776  8205.5
6684.24262498271  8244.
6686.50222399376  8290.5
6688.76342255525  8286.5
6691.02621843153  8360.5
6693.29060938692  8255.
6695.55659318578  8243.5
6697.82416759244  8330.
6700.09333037124  8392.5
6702.36407928652  8359.5
6704.63641210263  8325.5
6706.91032658391  8274.5
6709.18582049469  8200.
6711.46289159932  8229.5
6713.74153766213  8245.5
6716.02175644747  8355.5
6718.30354571968  8426.
6720.58690324309  8380.5
6722.87182678205  8482.5
6725.15831410091  8434.5
6727.44636296399  8541.5
6729.73597113565  8412.5
6732.02713638021  8407.
6734.31985646203  8357.5
6736.61412914544  8335.5
6738.90995219478  8147.5
6741.20732337439  8277.5
6743.50624044862  8283.
6745.8067011818  8222.5
6748.10870333828  8338.
6750.41224468239  8270.5
6752.71732297848  8414.
6755.02393599089  8334.
6757.33208148395  8330.
6759.64175722201  8329.5
6761.95296096941  8311.5
6764.26569049048  8344.
6766.57994354958  8236.5
6768.89571791103  8365.5
6771.21301133919  8302.
6773.53182159839  8401.5
6775.85214645297  8364.5
6778.17398366727  8460.
6780.49733100563  8552.
6782.8221862324  8558.
6785.14854711191  8506.
6787.4764114085  8457.5
6789.80577688652  8356.
6792.13664131031  8400.
6794.4690024442  8431.
6796.80285805254  8343.5
6799.13820589966  8375.5
6801.47504374991  8529.5
6803.81336936763  8477.5
6806.15318051716  8410.5
6808.49447496284  8311.5
6810.83725046901  8217.5
6813.1815048  8294.
6815.52723572017  8376.5
6817.87444099385  8392.5
6820.22311838539  8407.5
6822.57326565911  8453.5
6824.92488057937  8380.5
6827.2779609105  8296.
6829.63250441685  8216.5
6831.98850886275  8358.
6834.34597201255  8319.
6836.70489163058  8345.5
6839.06526548119  8333.5
6841.42709132872  8359.
6843.7903669375  8421.5
6846.15509007188  8529.5
6848.5212584962  8435.
6850.88886997481  8341.
6853.25792227202  8327.5
6855.6284131522  8348.5
6858.00034037968  8321.
6860.37370171881  8209.5
6862.74849493391  8326.5
6865.12471778934  8314.
6867.50236804943  8336.
6869.88144347852  8346.5
6872.26194184096  8381.5
6874.64386090109  8360.
6877.02719842323  8274.
6879.41195217175  8236.
6881.79811991097  8306.5
6884.18569940523  8397.5
6886.57468841889  8368.5
6888.96508471627  8293.
6891.35688606173  8366.5
6893.75009021959  8399.5
6896.1446949542  8407.
6898.5406980299  8329.5
6900.93809721103  8472.
6903.33689026194  8372.5
6905.73707494695  8374.5
6908.13864903042  8347.
6910.54161027669  8459.
6912.94595645008  8383.5
6915.35168531495  8448.5
6917.75879463564  8389.5
6920.16728217648  8356.5
6922.57714570181  8408.
6924.98838297598  8401.5
6927.40099176334  8299.
6929.8149698282  8418.5
6932.23031493493  8416.5
6934.64702484785  8390.
6937.06509733131  8284.5
6939.48453014965  8449.5
6941.90532106722  8391.
6944.32746784834  8444.
6946.75096825737  8435.5
6949.17582005864  8471.
6951.60202101649  8373.5
6954.02956889526  8391.5
6956.4584614593  8414.5
6958.88869647294  8365.
6961.32027170052  8438.
6963.7531849064  8350.5
6966.18743385489  8465.5
6968.62301631036  8452.
6971.05993003713  8420.5
6973.49817279955  8374.
6975.93774236195  8310.5
6978.37863648869  8347.5
6980.82085294409  8314.5
6983.2643894925  8221.
6985.70924389827  8334.5
6988.15541392573  8316.5
6990.60289733921  8364.5
6993.05169190307  8410.
6995.50179538164  8311.5
6997.95320553927  8321.
7000.40592014029  8278.5
7002.85993694904  8289.5
7005.31525372987  8276.
7007.77186824711  8265.5
7010.2297782651  8355.
7012.6889815482  8335.5
7015.14947586073  8494.
7017.61125896704  8501.
7020.07432863147  8858.5
7022.53868261836  9238.5
7025.00431869204  9496.
7027.47123461687  9598.
7029.93942815717  9394.
7032.4088970773  8976.
7034.87963914159  8750.5
7037.35165211438  8584.
7039.82493376001  8574.5
7042.29948184282  8396.5
7044.77529412716  8365.5
7047.25236837737  8363.5
7049.73070235778  8379.
7052.21029383273  8343.
7054.69114056657  8466.
7057.17324032363  8454.5
7059.65659086827  8459.5
7062.14118996481  8439.
7064.6270353776  8386.5
7067.11412487097  8417.5
7069.60245620928  8421.
7072.09202715685  8421.5
7074.58283547804  8357.5
7077.07487893718  8366.5
7079.56815529861  8447.
7082.06266232667  8385.
7084.5583977857  8396.5
7087.05535944005  8380.5
7089.55354505405  8319.5
7092.05295239204  8243.5
7094.55357921837  8347.
7097.05542329737  8423.5
7099.5584823934  8339.5
7102.06275427077  8338.5
7104.56823669385  8386.
7107.07492742696  8517.
7109.58282423445  8731.5
7112.09192488065  8815.5
7114.60222712992  8934.5
7117.11372874659  8824.5
7119.626427495  8768.5
7122.14032113949  8575.5
7124.65540744439  8578.
7127.17168417406  8546.5
7129.68914909284  8460.
7132.20779996505  8425.5
7134.72763455506  8417.5
7137.24865062718  8340.
7139.77084594577  8236.
7142.29421827517  8244.
7144.81876537971  8253.
7147.34448502373  8267.5
7149.87137497159  8319.5
7152.39943298761  8237.
7154.92865683614  8325.5
7157.45904428152  8437.5
7159.99059308809  8350.
7162.52330102018  8235.5
7165.05716584215  8373.5
7167.59218531833  8397.5
7170.12835721306  8384.5
7172.66567929068  8440.5
7175.20414931554  8320.5
7177.74376505196  8320.5
7180.2845242643  8390.5
7182.8264247169  8372.5
7185.36946417409  8447.5
7187.91364040021  8499.
7190.45895115962  8491.
7193.00539421663  8434.
7195.55296733561  8418.
7198.10166828088  8363.
7200.65149481679  8355.5
7203.20244470768  8281.
7205.75451571789  8189.5
7208.30770561175  8226.5
7210.86201215362  8281.5
7213.41743310783  8301.
7215.97396623872  8259.
7218.53160931063  8179.
7221.09036008791  8273.
7223.65021633488  8214.5
7226.2111758159  8218.
7228.77323629531  8268.
7231.33639553744  8301.
7233.90065130664  8151.5
7236.46600136724  8322.
7239.03244348359  8296.5
7241.59997542002  8369.5
7244.16859494088  8267.5
7246.73829981051  8275.
7249.30908779325  8277.5
7251.88095665344  8231.
7254.45390415542  8270.5
7257.02792806353  8206.5
7259.6030261421  8220.5
7262.1791961555  8244.5
7264.75643586804  8215.5
7267.33474304407  8242.5
7269.91411544794  8252.
7272.49455084398  8169.
7275.07604699654  8297.5
7277.65860166995  8466.5
7280.24221262855  8399.
7282.8268776367  8277.
7285.41259445871  8377.
7287.99936085895  8434.5
7290.58717460174  8324.5
7293.17603345143  8324.5
7295.76593517236  8494.5
7298.35687752887  8675.
7300.94885828529  8760.
7303.54187520598  8749.5
7306.13592605527  8431.5
7308.7310085975  8477.
7311.32712059701  8451.5
7313.92425981815  8344.
7316.52242402525  8338.5
7319.12161098265  8411.5
7321.72181845469  8380.5
7324.32304420572  8270.5
7326.92528600008  8148.5
7329.5285416021  8207.
7332.13280877613  8310.
7334.7380852865  8190.5
7337.34436889756  8264.
7339.95165737365  8320.
7342.55994847911  8383.5
7345.16923997828  8428.5
7347.7795296355  8434.5
7350.3908152151  8376.5
7353.00309448144  8336.
7355.61636519885  8495.5
7358.23062513167  8332.
7360.84587204425  8369.
7363.46210370092  8327.5
7366.07931786602  8376.
7368.69751230389  8391.
7371.31668477888  8490.5
7373.93683305533  8317.
7376.55795489757  8461.5
7379.18004806995  8339.
7381.8031103368  8350.
7384.42713946247  8370.
7387.0521332113  8329.5
7389.67808934763  8298.5
7392.3050056358  8480.
7394.93287984014  8610.5
7397.56170972501  8891.5
7400.19149305474  9220.5
7402.82222759367  9479.5
7405.45391110614  9448.5
7408.08654135649  9123.5
7410.72011610907  8895.5
7413.35463312821  8829.
7415.99009017826  8601.
7418.62648502354  8604.5
7421.26381542842  8352.5
7423.90207915722  8321.
7426.54127397428  8253.
7429.18139764396  8343.
7431.82244793058  8324.
7434.46442259849  8429.5
7437.10731941203  8400.
7439.75113613553  8385.5
7442.39587053335  8320.
7445.04152036982  8268.5
7447.68808340927  8355.
7450.33555741606  8436.5
7452.98394015452  8330.
7455.63322938899  8386.
7458.28342288382  8420.
7460.93451840334  8294.5
7463.5865137119  8261.5
7466.23940657382  8358.
7468.89319475347  8365.
7471.54787601517  8438.
7474.20344812326  8415.
7476.85990884209  8478.
7479.51725593601  8348.
7482.17548716933  8301.
7484.83460030642  8219.
7487.49459311161  8374.5
7490.15546334923  8349.
7492.81720878364  8335.
7495.47982717916  8372.
7498.14331630015  8322.5
7500.80767391094  8406.
7503.47289777587  8633.
7506.13898565929  8911.5
7508.80593532553  9471.5
7511.47374453893  10574.5
7514.14241106384  11502.5
7516.81193266459  11918.
7519.48230710553  11797.5
7522.153532151  11687.
7524.82560556533  11469.
7527.49852511287  11151.5
7530.17228855795  10679.
7532.84689366493  10055.
7535.52233819813  9451.5
7538.19861992191  9092.
7540.87573660059  8826.5
7543.55368599853  8691.
7546.23246588006  8521.5
7548.91207400951  8410.5
7551.59250815125  8357.5
7554.27376606959  8373.5
7556.95584552889  8507.5
7559.63874429348  8314.5
7562.3224601277  8304.
7565.00699079591  8318.5
7567.69233406242  8335.
7570.3784876916  8297.5
7573.06544944777  8318.5
7575.75321709528  8249.5
7578.44178839846  8242.5
7581.13116112167  8262.5
7583.82133302923  8285.
7586.51230188549  8328.5
7589.2040654548  8344.
7591.89662150148  8413.
7594.58996778989  8279.5
7597.28410208435  8219.5
7599.97902214923  8312.
7602.67472574884  8330.5
7605.37121064753  8365.
7608.06847460965  8480.
7610.76651539954  8374.5
7613.46533078153  8251.5
7616.16491851997  8395.5
7618.86527637919  8346.5
7621.56640212353  8344.
7624.26829351735  8319.
7626.97094832498  8430.5
7629.67436431075  8676.
7632.37853923901  9083.5
7635.0834708741  10056.
7637.78915698037  11066.5
7640.49559532214  11565.
7643.20278366376  11464.
7645.91071976958  10735.5
7648.61940140393  10059.5
7651.32882633115  9677.
7654.03899231558  9126.5
7656.74989712158  8944.
7659.46153851346  8715.5
7662.17391425558  8677.5
7664.88702211227  8565.5
7667.60085984788  8373.5
7670.31542522675  8386.5
7673.03071601321  8294.5
7675.74672997162  8282.
7678.4634648663  8173.
7681.1809184616  8260.
7683.89908852186  8263.5
7686.61797281142  8209.
7689.33756909462  8231.5
7692.0578751358  8364.5
7694.77888869931  8356.5
7697.50060754947  8389.
7700.22302945065  8379.5
7702.94615216716  8276.5
7705.66997346336  8461.5
7708.39449110358  8341.5
7711.11970285216  8446.
7713.84560647346  8562.5
7716.5721997318  8637.
7719.29948039152  9073.5
7722.02744621698  9666.
7724.7560949725  10168.5
7727.48542442243  10324.5
7730.21543233111  9755.5
7732.94611646288  9496.5
7735.67747458207  9067.5
7738.40950445304  8988.
7741.14220384012  8767.
7743.87557050765  8527.5
7746.60960221998  8485.5
7749.34429674144  8388.
7752.07965183637  8351.5
7754.81566526911  8213.
7757.55233480402  8363.5
7760.28965820541  8361.5
7763.02763323764  8451.5
7765.76625766505  8359.
7768.50552925197  8372.
7771.24544576275  8237.5
7773.98600496173  8291.5
7776.72720461325  8418.
7779.46904248165  8378.5
7782.21151633126  8313.5
7784.95462392644  8266.5
7787.69836303152  8334.5
7790.44273141084  8338.5
7793.18772682874  8325.
7795.93334704956  8158.
7798.67958983765  8281.
7801.42645295734  8250.5
7804.17393417297  8252.5
7806.92203124889  8309.
7809.67074194943  8300.5
7812.42006403894  8320.5
7815.16999528176  8247.
7817.92053344221  8344.
7820.67167628467  8480.
7823.42342157344  8350.5
7826.17576707289  8386.
7828.92871054735  8313.
7831.68224976115  8354.
7834.43638247864  8284.
7837.19110646417  8264.
7839.94641948206  8200.
7842.70231929667  8227.
7845.45880367233  8339.5
7848.21587037339  8213.5
7850.97351716417  8270.
7853.73174180903  8292.
7856.49054207231  8309.
7859.24991571834  8393.
7862.00986051147  8306.5
7864.77037421603  8229.5
7867.53145459637  8216.5
7870.29309941683  8274.
7873.05530644174  8339.
7875.81807343546  8296.
7878.58139816231  8318.
7881.34527838664  8410.
7884.10971187279  8448.
7886.87469638511  8380.
7889.64022968792  8394.5
7892.40630954558  8409.5
7895.17293372241  8494.
7897.94009998277  8259.
7900.707806091  8308.
7903.47604981143  8337.5
7906.2448289084  8271.
7909.01414114626  8219.5
7911.78398428934  8244.
7914.55435610199  8211.5
7917.32525434855  8269.
7920.09667679335  8251.5
7922.86862120075  8199.
7925.64108533507  8254.5
7928.41406696066  8347.5
7931.18756384186  8144.5
7933.96157374301  8259.
7936.73609442845  8422.5
7939.51112366252  8792.5
7942.28665920956  9016.5
7945.06269883392  9363.
7947.83924029993  9114.
7950.61628137193  8924.5
7953.39381981426  8716.5
7956.17185339127  8655.5
7958.9503798673  8479.5
7961.72939700668  8426.
7964.50890257376  8450.
7967.28889433287  8459.5
7970.06937004837  8398.5
7972.85032748457  8293.
7975.63176440584  8277.5
7978.41367857651  8137.
7981.19606776092  8212.5
7983.9789297234  8186.5
7986.76226222831  8293.
7989.54606303998  8380.
7992.33032992275  8512.
7995.11506064097  9018.
7997.90025295896  9602.5
8000.68590464108  10384.5
8003.47201345166  10725.5
8006.25857715505  10919.5
8009.04559351558  11198.5
8011.8330602976  10882.5
8014.62097526544  10329.5
8017.40933618346  9677.
8020.19814081597  9254.5
8022.98738692734  8991.5
8025.7770722819  8736.5
8028.56719464398  8433.5
8031.35775177794  8458.
8034.1487414481  8423.5
8036.94016141881  8334.5
8039.73200945442  8462.
8042.52428331926  8379.
8045.31698077767  8341.5
8048.11009959399  8345.
8050.90363753256  8241.
8053.69759235773  8178.
8056.49196183384  8154.5
8059.28674372522  8223.
8062.08193579622  8308.5
8064.87753581117  8327.5
8067.67354153442  8199.
8070.4699507303  8281.
8073.26676116317  8223.5
8076.06397059734  8212.5
8078.86157679719  8179.
8081.65957752703  8191.
8084.45797055121  8156.5
8087.25675363407  8274.5
8090.05592453995  8655.5
8092.8554810332  9166.5
8095.65542087815  9895.
8098.45574183914  10356.5
8101.25644168051  10761.
8104.0575181666  11078.5
8106.85896906177  11610.
8109.66079213033  11914.5
8112.46298513664  11567.5
8115.26554584504  11067.
8118.06847201987  10292.5
8120.87176142546  9714.
8123.67541182616  9232.
8126.47942098631  8891.5
8129.28378667025  8491.
8132.08850664231  8348.5
8134.89357866685  8298.5
8137.6990005082  8274.5
8140.5047699307  8198.
8143.31088469869  8284.
8146.11734257651  8332.5
8148.92414132851  8337.5
8151.73127871902  8207.5
8154.53875251238  8246.
8157.34656047294  8118.
8160.15470036503  8244.5
8162.963169953  8248.5
8165.77196700119  8348.
8168.58108927393  8413.5
8171.39053453557  8234.
8174.20030055044  8197.5
8177.0103850829  8276.
8179.82078589727  8165.5
8182.63150075791  8239.
8185.44252742914  8248.5
8188.25386367532  8363.5
8191.06550726077  8236.5
8193.87745594985  8194.
8196.68970750689  8204.
8199.50225969623  8281.5
8202.31511028222  8350.
8205.12825702919  8274.5
8207.94169770148  8119.
8210.75543006344  8134.5
8213.56945187941  8164.5
8216.38376091372  8234.
8219.19835493071  8216.5
8222.01323169474  8215.
8224.82838897014  8248.5
8227.64382452123  8234.
8230.45953611239  8284.5
8233.27552150793  8255.5
8236.0917784722  8252.
8238.90830476954  8248.5
8241.72509816429  8263.5
8244.54215642079  8288.
8247.35947730339  8540.
8250.17705857642  8737.
8252.99489800422  9181.
8255.81299335114  9997.
8258.63134238151  10515.
8261.44994285967  10524.
8264.26879254997  10162.
8267.08788921675  9590.5
8269.90723062435  9230.
8272.7268145371  8976.
8275.54663871935  8634.
8278.36670093543  8467.5
8281.1869989497  8363.
8284.00753052648  8354.
8286.82829343013  8217.5
8289.64928542498  8138.
8292.47050427537  8186.5
8295.29194774564  8224.
8298.11361360013  8264.5
8300.93549960319  8303.5
8303.75760351914  8206.5
8306.57992311235  8284.5
8309.40245614713  8356.5
8312.22520038785  8148.
8315.04815359882  8220.
8317.87131354441  8212.5
8320.69467798894  8263.
8323.51824469675  8285.
8326.3420114322  8203.
8329.16597595961  8196.
8331.99013604334  8172.5
8334.81448944771  8252.5
8337.63903393707  8253.
8340.46376727576  8221.
8343.28868722813  8102.
8346.1137915585  8194.
8348.93907803123  8125.5
8351.76454441065  8300.5
8354.5901884611  8250.
8357.41600794693  8207.5
8360.24200063247  8159.
8363.06816428207  8141.
8365.89449666006  8064.
8368.72099553079  8108.5
8371.5476586586  8077.
8374.37448380782  8118.5
8377.2014687428  8232.5
8380.02861122788  8218.5
8382.8559090274  8166.
8385.6833599057  8317.5
8388.51096162712  8320.
8391.33871195599  8471.5
8394.16660865668  8649.5
8396.9946494935  9374.
8399.8228322308  10132.
8402.65115463293  10864.
8405.47961446422  10957.
8408.30820948901  10699.5
8411.13693747165  10645.
8413.96579617647  10804.5
8416.79478336782  11314.5
8419.62389681003  11664.
8422.45313426746  11570.
8425.28249350442  10832.5
8428.11197228528  10147.
8430.94156837437  9605.
8433.77127953602  9053.
8436.60110353458  8778.
8439.4310381344  8688.5
8442.2610810998  8646.
8445.09123019514  8505.
8447.92148318474  8272.
8450.75183783296  8233.
8453.58229190413  8091.
8456.4128431626  8173.
8459.2434893727  8150.
8462.07422829877  8154.
8464.90505770516  8249.
8467.7359753562  8213.5
8470.56697901624  8134.
8473.39806644962  8233.5
8476.22923542068  8376.
8479.06048369375  8238.5
8481.89180903318  8223.5
8484.72320920331  8115.5
8487.55468196847  8140.5
8490.38622509302  8100.5
8493.21783634129  8250.
8496.04951347762  8250.5
8498.88125426635  8260.5
8501.71305647183  8282.5
8504.54491785839  8293.5
8507.37683619037  8388.5
8510.20880923211  8777.5
8513.04083474796  9497.5
8515.87291050226  10097.
8518.70503425933  10264.
8521.53720378354  10208.5
8524.36941683921  9584.5
8527.20167119069  9249.
8530.03396460232  9028.5
8532.86629483844  8663.5
8535.69865966338  8611.5
8538.53105684149  8323.
8541.36348413712  8346.5
8544.19593931459  8287.5
8547.02842013826  8138.
8549.86092437245  8200.5
8552.69344978152  8226.5
8555.52599412981  8269.
8558.35855518164  8237.
8561.19113070137  8203.5
8564.02371845333  8105.5
8566.85631620187  8109.5
8569.68892171133  8148.
8572.52153274603  8158.5
8575.35414707034  8089.5
8578.18676244859  8141.
8581.01937664511  8115.5
8583.85198742425  8165.5
8586.68459255035  8220.5
8589.51718978775  8291.
8592.34977690079  8265.5
8595.18235165381  8205.
8598.01491181115  8196.
8600.84745513715  8303.
8603.67997939615  8257.5
8606.5124823525  8142.
8609.34496177053  8293.
8612.17741541458  8241.5
8615.00984104901  8298.5
8617.84223643813  8294.5
8620.6745993463  8218.5
8623.50692753785  8118.
8626.33921877714  8215.
8629.17147082848  8029.
8632.00368145624  8198.5
8634.83584842475  8122.5
8637.66796949834  8015.5
8640.50004244136  8045.
8643.33206501816  8120.5
8646.16403499306  8216.5
8648.99595013042  8166.5
8651.82780819456  8195.5
8654.65960694984  8123.
8657.49134416059  8210.
8660.32301759116  8334.
8663.15462500588  8590.
8665.98616416909  8595.5
8668.81763284514  8414.5
8671.64902879836  8498.5
8674.4803497931  8326.
8677.3115935937  8255.5
8680.14275796449  8217.5
8682.97384066983  8117.
8685.80483947403  8073.5
8688.63575214146  8045.5
8691.46657643645  8023.
8694.29731012334  8127.5
8697.12795096647  8120.5
8699.95849673018  8253.5
8702.78894517881  8219.
8705.6192940767  8163.
8708.4495411882  8194.
8711.27968427764  8154.
8714.10972110936  8107.5
8716.93964944771  8250.5
8719.76946705702  8189.5
8722.59917170164  8210.
8725.42876114591  8171.
8728.25823315416  8227.5
8731.08758549073  8224.5
8733.91681591998  8088.5
8736.74592220623  8175.5
8739.57490211384  8091.
8742.40375340713  8049.
8745.23247385045  8023.5
8748.06106120814  8008.5
8750.88951324455  8082.5
8753.717827724  8016.
8756.54600241085  8016.5
8759.37403506943  8076.5
8762.20192346409  8175.5
8765.02966535915  8044.5
8767.85725851898  8118.
8770.68470070789  7980.5
8773.51198969025  8181.5
8776.33912323038  8208.5
8779.16609909262  8193.
8781.99291504133  8168.
8784.81956884083  8123.
8787.64605825546  8103.
8790.47238104958  8104.5
8793.29853498751  8138.5
8796.12451783361  8175.5
8798.95032735221  8182.5
8801.77596130765  8180.
8804.60141746427  8025.
8807.42669358641  8131.5
8810.25178743841  8129.
8813.07669678462  8318.
8815.90141938937  8186.5
8818.72595301701  8198.
8821.55029543187  8150.
8824.3744443983  8088.5
8827.19839768063  8205.5
8830.02215304321  8175.5
8832.84570825038  8245.5
8835.66906106647  8130.
8838.49220925583  8179.
8841.31515058281  8205.5
8844.13788281173  8082.
8846.96040370694  8124.
8849.78271103278  8105.
8852.60480255359  8060.5
8855.42667603371  8070.
8858.24832923749  8085.5
8861.06975992926  8074.5
8863.89096587336  8196.
8866.71194483414  8245.
8869.53269457593  8230.5
8872.35321286307  8221.
8875.17349745991  8246.
8877.99354613079  8209.
8880.81335664004  8123.
8883.63292675201  8163.5
8886.45225423104  8015.5
8889.27133684147  8179.5
8892.09017234763  8104.5
8894.90875851388  8054.5
8897.72709310454  8192.5
8900.54517388396  8092.
8903.36299861649  8269.5
8906.18056506646  8017.
8908.99787099821  7960.
8911.81491417608  8151.5
8914.63169236442  8098.
8917.44820332756  8251.5
8920.26444482984  8243.5
8923.08041463561  8191.5
8925.8961105092  8197.
8928.71153021496  8295.5
8931.52667151723  8383.5
8934.34153218034  8246.5
8937.15610996864  8288.5
8939.97040264648  8344.
8942.78440797817  8142.
8945.59812372808  8269.5
8948.41154766054  8094.5
8951.22467753989  8093.5
8954.03751113047  8149.
8956.85004619662  8181.5
8959.66228050268  8168.5
8962.474211813  8022.
8965.28583789191  8104.5
8968.09715650375  8126.
8970.90816541287  8177.5
8973.7188623836  8213.
8976.52924518029  8227.5
8979.33931156727  8251.5
8982.14905930889  8210.5
8984.95848616949  8195.
8987.7675899134  8269.5
8990.57636830498  8135.
8993.38481910855  8227.
8996.19294008846  8111.5
8999.00072900905  8084.5
9001.80818363467  8214.
9004.61530172964  8108.
9007.42208105831  8194.5
9010.22851938503  8196.5
9013.03461447413  8051.5
9015.84036408995  7948.
9018.64576599684  8149.
9021.45081795913  8022.5
9024.25551774116  8089.
9027.05986310729  8053.
9029.86385182183  7994.
9032.66748164915  8127.
9035.47075035357  8135.5
9038.27365569943  8309.5
9041.07619545109  8159.
9043.87836737288  8268.
9046.68016922913  8081.
9049.4815987842  8097.5
9052.28265380241  8106.
9055.08333204812  8105.
9057.88363128566  8087.5
9060.68354927936  8043.5
9063.48308379359  8155.
9066.28223259266  8215.5
9069.08099344093  8204.
9071.87936410274  8179.
9074.67734234242  8189.
9077.47492592431  8106.5
9080.27211261276  8131.
9083.06890017211  8159.
9085.86528636669  8224.5
9088.66126896085  8086.5
9091.45684571893  8187.5
9094.25201440527  8308.
9097.04677278421  8190.
9099.84111862009  8102.
9102.63504967724  8078.5
9105.42856372002  8180.
9108.22165851276  8258.
9111.01433181981  8299.5
9113.80658140549  8562.5
9116.59840503416  9139.
9119.38980047015  10289.
9122.18076547781  12224.
9124.97129782147  13558.
9127.76139526548  14075.
9130.55105557417  13489.
9133.34027651189  12499.
9136.12905584298  11172.
9138.91739133177  9980.
9141.70528074261  9026.5
9144.49272183984  8706.5
9147.27971238781  8610.
9150.06625015083  8425.
9152.85233289328  8362.
9155.63795837947  8167.5
9158.42312437375  8145.5
9161.20782864047  8061.
9163.99206894396  8140.
9166.77584304856  8277.5
9169.55914871861  8178.
9172.34198371846  8297.5
9175.12434581245  8168.
9177.90623276491  8187.5
9180.68764234018  8033.
9183.46857230261  8051.5
9186.24902041654  8127.5
9189.02898444631  8174.5
9191.80846215626  8077.5
9194.58745131072  8149.5
9197.36594967404  8063.
9200.14395501057  8017.5
9202.92146508463  8074.
9205.69847766057  8156.
9208.47499050274  8215.
9211.25100137547  8216.
9214.0265080431  8235.
9216.80150826997  8341.
9219.57599982043  8720.5
9222.34998045881  9286.5
9225.12344794946  10210.
9227.89640005671  10804.5
9230.66883454491  10822.
9233.4407491784  10409.5
9236.21214172151  9803.5
9238.98300993859  9135.5
9241.75335159397  8752.
9244.52316445201  8482.5
9247.29244627704  8374.
9250.06119483339  8328.
9252.82940788542  8301.
9255.59708319746  8173.5
9258.36421853384  8212.
9261.13081165893  8223.
9263.89686033704  8132.
9266.66236233253  8239.
9269.42731540973  8180.
9272.19171733298  7998.
9274.95556586663  8155.
9277.71885877501  8072.
9280.48159382247  8132.5
9283.24376877335  8120.
9286.00538139198  8122.
9288.76642944272  7992.
9291.52691068989  8054.5
9294.28682289784  8019.
9297.0461638309  8104.5
9299.80493125343  8207.
9302.56312292976  8117.5
9305.32073662423  8077.5
9308.07777010118  8102.5
9310.83422112495  8067.
9313.59008745989  8052.
9316.34536687033  8234.5
9319.10005712061  8172.
9321.85415597508  8158.
9324.60766119807  8079.5
9327.36057055392  8055.
9330.11288180699  8102.5
9332.8645927216  8099.5
9335.61570106209  8023.5
9338.36620459282  8025.5
9341.11610107811  7976.
9343.86538828231  8169.5
9346.61406396976  8120.5
9349.3621259048  8111.5
9352.10957185177  8299.
9354.85639957501  8374.
9357.60260683886  8264.5
9360.34819140767  8314.
9363.09315104577  8353.5
9365.8374835175  8132.
9368.5811865872  8187.5
9371.32425801922  8220.5
9374.0666955779  8086.5
9376.80849702756  8090.5
9379.54966013257  8035.5
9382.29018265725  8054.
9385.03006236595  7975.
9387.769297023  8115.
9390.50788439276  8164.
9393.24582223955  8077.5
9395.98310832772  8176.
9398.71974042161  8019.
9401.45571628557  8062.
9404.19103368392  8046.5
9406.92569038101  8069.5
9409.65968414119  7938.
9412.39301272879  7930.
9415.12567390815  7950.
9417.85766544362  8003.
9420.58898509953  8007.
9423.31963064022  8073.
9426.04959983005  7958.
9428.77889043333  7961.5
9431.50750021443  8050.5
9434.23542693766  8052.
9436.96266836739  8194.5
9439.68922226795  8020.5
9442.41508640367  8124.5
9445.14025853891  8031.5
9447.86473643799  7993.
9450.58851786526  8045.5
9453.31160058507  8139.
9456.03398236175  8161.
9458.75566095963  8133.
9461.47663414308  7928.5
9464.19689967641  7878.
9466.91645532398  7910.5
9469.63529885012  7949.5
9472.35342801917  8061.5
9475.07084059549  8006.
9477.78753434339  7975.
9480.50350702724  7950.5
9483.21875641136  7895.5
9485.9332802601  8026.
9488.6470763378  7982.
9491.36014240879  7956.5
9494.07247623743  7952.
9496.78407558804  8019.5
9499.49493822498  8133.
9502.20506191258  8161.
9504.91444441517  8131.5
9507.62308349711  8115.5
9510.33097692273  8094.5
9513.03812245638  8197.
9515.74451786239  8081.5
9518.4501609051  8156.5
9521.15504934886  8105.5
9523.85918095801  8052.
9526.56255349687  8170.5
9529.26516472981  8180.5
9531.96701242115  8156.
9534.66809433524  8103.
9537.36840823642  8098.5
9540.06795188903  8096.5
9542.76672305741  8055.5
9545.46471950589  8100.5
9548.16193899883  8115.5
9550.85837930056  8014.5
9553.55403817542  8160.
9556.24891338775  8007.
9558.94300270189  8061.
9561.63630388219  8104.
9564.32881469298  8078.
9567.0205328986  8025.5
9569.7114562634  8097.5
9572.40158255172  8029.5
9575.09090952789  7980.5
9577.77943495625  8072.
9580.46715660116  7960.5
9583.15407222694  7935.
9585.84017959794  7927.
9588.5254764785  8085.
9591.20996063296  7931.
9593.89362982565  7876.
9596.57648182093  7898.5
9599.25851438313  8034.
9601.93972527659  7961.5
9604.62011226565  8088.5
9607.29967311466  8113.5
9609.97840558794  8110.5
9612.65630744986  8044.
9615.33337646473  8015.
9618.00961039691  8104.
9620.68500701074  8112.
9623.35956407055  8046.
9626.03327934069  8077.
9628.70615058549  8068.
9631.3781755693  7996.5
9634.04935205647  8074.5
9636.71967781132  8038.5
9639.3891505982  7964.5
9642.05776818144  8101.
9644.7255283254  8325.
9647.39242879441  8638.
9650.05846735281  9261.
9652.72364176495  10353.5
9655.38794979515  11443.5
9658.05138920777  11847.5
9660.71395776714  11419.5
9663.37565323761  10520.5
9666.03647338351  9715.5
9668.69641596919  9031.
9671.35547875898  8573.
9674.01365951723  8224.
9676.67095600827  8223.5
9679.32736599646  8198.5
9681.98288724612  8110.
9684.6375175216  8202.5
9687.29125458724  8110.5
9689.94409620738  7976.
9692.59604014636  7861.
9695.24708416852  7968.5
9697.8972260382  7908.5
9700.54646351974  8008.5
9703.19479437749  7842.
9705.84221637578  7904.
9708.48872727895  7912.
9711.13432485135  7949.
9713.77900685731  7939.
9716.42277106118  8062.
9719.06561522729  7950.5
9721.70753711999  8001.5
9724.34853450362  8006.
9726.98860514251  8006.5
9729.62774680101  8036.
9732.26595724346  8076.5
9734.9032342342  8134.
9737.53957553757  7972.5
9740.17497891791  7983.
9742.80944213956  7909.5
9745.44296296687  7939.
9748.07553916416  7854.
9750.70716849579  7999.
9753.33784872609  7970.5
9755.9675776194  8015.
9758.59635294007  8045.
9761.22417245243  7976.5
9763.85103392083  7994.5
9766.4769351096  7943.5
9769.10187378309  8042.5
9771.72584770564  8084.5
9774.34885464158  8199.5
9776.97089235526  8383.
9779.59195861103  8374.5
9782.2120511732  8482.
9784.83116780614  8295.
9787.44930627418  8193.
9790.06646434167  8095.
9792.68263977293  8041.5
9795.29783033231  8038.
9797.91203378416  7925.
9800.52524789281  7832.
9803.1374704226  7924.5
9805.74869913788  7891.5
9808.35893180298  8028.
9810.96816618225  7928.5
9813.57640004003  7980.
9816.18363114065  7916.
9818.78985724845  8092.
9821.39507612779  7825.
9823.99928554299  7923.
9826.60248325841  7864.
9829.20466703836  7777.
9831.80583464721  7800.
9834.40598384929  7904.
9837.00511240895  7857.
9839.60321809051  7963.5
9842.20029865832  7992.5
9844.79635187673  8153.
9847.39137551007  7986.
9849.98536732268  7963.
9852.57832507891  7873.
9855.17024654309  7984.5
9857.76112947957  8002.5
9860.35097165268  7937.
9862.93977082678  7931.5
9865.52752476618  7944.
9868.11423123525  7902.5
9870.69988799831  7873.5
9873.28449281971  7874.5
9875.86804346379  7930.5
9878.45053769489  7930.5
9881.03197327735  7923.5
9883.61234797551  7820.5
9886.19165955372  7890.
9888.7699057763  7953.5
9891.34708440761  7898.
9893.92319321198  7954.5
9896.49822995375  7942.
9899.07219239727  7944.5
9901.64507830687  7897.5
9904.2168854469  7832.
9906.78761158169  7842.5
9909.35725447559  7759.5
9911.92581189294  7887.
9914.49328159807  7814.5
9917.05966135534  7825.5
9919.62494892907  7808.
9922.18914208361  7867.
9924.7522385833  7868.5
9927.31423619248  7825.
9929.87513267549  7686.
9932.43492579667  7738.5
9934.99361332037  7855.
9937.55119301091  7870.5
9940.10766263265  7834.5
9942.66301994993  7931.
9945.21726272707  7925.
9947.77038872843  7854.5
9950.32239571835  7971.
9952.87328146117  8018.
9955.42304372122  7897.5
9957.97168026284  7899.
9960.51918885039  8034.5
9963.06556724819  7928.5
9965.61081322059  7889.
9968.15492453193  7850.5
9970.69789894655  7964.
9973.23973422879  8004.5
9975.78042814299  8039.
9978.31997845349  7964.
9980.85838292463  7868.5
9983.39563932076  7943.
9985.93174540621  7893.
9988.46669894532  7818.
9991.00049770244  7849.
9993.5331394419  7901.
9996.06462192805  7871.
9998.59494292522  7758.5
10001.1241001978  7825.
10003.65209151  7776.5
10006.1789146263  7931.5
10008.704567311  8005.
10011.2290473284  7785.
10013.7523524429  7852.5
10016.2744804188  7912.
10018.7954290204  7935.5
10021.3151960121  7933.
10023.8337791583  7975.
10026.3511762232  7888.
10028.8673849713  7964.5
10031.3824031668  7933.5
10033.8962285741  7929.5
10036.4088589575  8020.5
10038.9202920814  8054.
10041.4305257101  7945.
10043.939557608  7854.
10046.4473855393  7850.
10048.9540072686  7942.
10051.4594205599  7957.
10053.9636231778  7881.
10056.4666128866  7754.
10058.9683874505  7794.
10061.468944634  7879.
10063.9682822014  7879.
10066.466397917  7908.
10068.9632895452  8017.5
10071.4589548502  7878.5
10073.9533915965  7896.5
10076.4465975484  7967.
10078.9385704703  7966.5
10081.4293081263  7934.5
10083.918808281  7976.
10086.4070686986  7942.5
10088.8940871435  8016.
10091.3798613801  8003.
10093.8643891726  7972.5
10096.3476682854  7931.
10098.8296964829  8047.5
10101.3104715293  8119.5
10103.7899911891  7979.5
10106.2682532265  8046.
10108.745255406  7967.
10111.2209954918  7922.
10113.6954712483  7973.5
10116.1686804398  7948.5
10118.6406208307  7894.5
10121.1112901854  7808.5
10123.580686268  7862.5
10126.0488068431  7936.5
10128.5156496749  7965.
10130.9812125278  7821.5
10133.445493166  7940.5
10135.9084893541  7816.
10138.3701988562  7986.
10140.8306194368  8085.5
10143.2897488602  8021.5
10145.7475848907  8055.5
10148.2041252926  8046.5
10150.6593678303  7987.
10153.1133102682  7953.5
10155.5659503706  7881.5
10158.0172859017  7961.
10160.4673146261  7809.
10162.9160343079  7913.5
10165.3634427116  7834.
10167.8095376015  7865.5
10170.2543167419  8102.
10172.6977778971  7969.5
10175.1399188316  7888.5
10177.5807373096  7952.5
10180.0202310955  7908.5
10182.4583979536  7919.
10184.8952356483  7844.5
10187.3307419439  7818.
10189.7649146047  7780.
10192.1977513952  7918.
10194.6292500795  7938.
10197.0594084222  7990.5
10199.4882241874  7961.
10201.9156951396  7792.
10204.3418190431  7849.
10206.7665936622  7905.
10209.1900167613  7885.5
10211.6120861047  7964.
10214.0327994568  7900.
10216.4521545818  7875.5
10218.8701492442  7949.5
10221.2867812083  7874.5
10223.7020482384  7931.5
10226.1159480988  8007.5
10228.528478554  7970.5
10230.9396373681  7989.
10233.3494223057  7868.5
10235.757831131  7932.
10238.1648616083  7920.
10240.570511502  7993.5
10242.9747785765  7915.
10245.3776605961  7891.5
10247.779155325  7901.5
10250.1792605278  7877.5
10252.5779739686  7867.5
10254.9752934119  7833.5
10257.371216622  7797.5
10259.7657413632  7920.
10262.1588653998  7868.5
10264.5505864963  7879.5
10266.9409024169  7905.5
10269.329810926  7802.
10271.7173097879  7846.5
10274.103396767  7814.
10276.4880696276  7776.5
10278.8713261341  7788.5
10281.2531640507  7821.
10283.6335811419  8018.
10286.0125751719  7892.
10288.3901439052  7895.
10290.766285106  7998.
10293.1409965387  7922.5
10295.5142759676  7843.5
10297.8861211571  7840.
10300.2565298716  7873.5
10302.6254998752  7933.5
10304.9930289325  7872.5
10307.3591148077  7843.5
10309.7237552652  7836.
10312.0869480693  7803.5
10314.4486909843  7808.5
10316.8089817747  8011.
10319.1678182047  7907.5
10321.5251980386  7984.
10323.8811190409  7856.
10326.2355789759  7929.5
10328.5885756078  7842.5
10330.9401067011  7972.5
10333.2901700201  8003.5
10335.6387633291  7949.
10337.9858843924  7872.5
10340.3315309745  8035.5
10342.6757008396  7932.
10345.0183917521  7962.5
10347.3596014763  7881.
10349.6993277766  7844.5
10352.0375684173  7891.
10354.3743211627  7868.5
10356.7095837772  7994.
10359.0433540252  7783.5
10361.3756296709  7774.
10363.7064084787  7937.
10366.035688213  7900.5
10368.3634666381  7882.5
10370.6897415183  7910.
10373.014510618  7896.
10375.3377717014  7936.5
10377.6595225331  7838.
10379.9797608772  7812.
10382.2984844982  7847.
10384.6156911603  7864.5
10386.9313786279  7972.
10389.2455446654  7929.5
10391.5581870371  7829.5
10393.8693035074  7775.
10396.1788918405  7783.5
10398.4869498008  7933.5
10400.7934751527  7939.
10403.0984656605  8012.
10405.4019190885  8045.5
10407.7038332011  8076.
10410.0042057626  8097.
10412.3030345374  8151.
10414.6003172898  8023.
10416.8960517841  7964.5
10419.1902357848  7937.
10421.482867056  7842.5
10423.7739433622  7739.5
10426.0634624677  7870.5
10428.3514221368  7775.
10430.637820134  7817.
10432.9226542234  7824.
10435.2059221696  7903.
10437.4876217367  7910.
10439.7677506892  7876.5
10442.0463067913  7713.5
10444.3232878075  7863.5
10446.5986915021  7785.5
10448.8725156393  7754.
10451.1447579837  7915.5
10453.4154162994  7902.5
10455.6844883508  7999.5
10457.9519719023  7848.5
10460.2178647183  8063.5
10462.482164563  8033.
10464.7448692007  7920.5
10467.0059763959  7796.
10469.2654839129  7792.5
10471.523389516  7835.5
10473.7796909696  7749.5
10476.0343860379  7856.
10478.2874724854  7916.5
10480.5389480764  7845.
10482.7888105752  7952.
10485.0370577461  7978.
10487.2836873535  7902.5
10489.5286971618  7914.5
10491.7720849353  7963.5
10494.0138484383  7937.5
10496.2539854351  7929.
10498.4924936901  7938.5
10500.7293709677  8047.
10502.9646150322  7909.
10505.1982236479  7982.5
10507.4301945792  7913.5
10509.6605255903  7783.
10511.8892144457  7905.5
10514.1162589097  7960.5
10516.3416567466  8012.5
10518.5654057208  8039.5
10520.7875035966  7949.5
10523.0079481383  8004.
10525.2267371104  7809.5
10527.443868277  7895.
10529.6593394027  7732.
10531.8731482516  7759.
10534.0852925882  7851.
10536.2957701768  7874.
10538.5045787817  7805.5
10540.7117161672  7952.5
10542.9171800978  7940.
10545.1209683378  7990.
10547.3230786514  7836.5
10549.5235088031  7746.5
10551.7222565572  7868.
10553.9193196779  7902.
10556.1146959298  7831.
10558.308383077  7759.
10560.5003788839  8013.
10562.690681115  7909.
10564.8792875344  7955.
10567.0661959066  8030.5
10569.251403996  7965.
10571.4349095667  8048.5
10573.6167103832  7995.5
10575.7968042099  8033.5
10577.975188811  8039.5
10580.1518619509  7985.
10582.326821394  7891.
10584.5000649045  7993.5
10586.6715902469  8008.5
10588.8413951855  7917.
10591.0094774845  7850.
10593.1758349084  7896.5
10595.3404652214  7925.
10597.503366188  7930.5
10599.6645355725  7802.
10601.8239711392  7905.
10603.9816706524  8076.5
10606.1376318765  8013.5
10608.2918525759  8115.
10610.4443305148  8020.
10612.5950634576  7913.
10614.7440491687  7936.
10616.8912854123  7864.5
10619.0367699529  7853.5
10621.1805005548  7903.5
10623.3224749823  8000.5
10625.4626909997  7932.5
10627.6011463714  7891.
10629.7378388618  7904.5
10631.8727662351  7970.
10634.0059262558  7877.5
10636.1373166881  7881.
10638.2669352964  7735.5
10640.3947798451  7880.
10642.5208480984  7850.5
10644.6451378208  7837.5
10646.7676467765  7880.5
10648.8883727299  7825.
10651.0073134453  7835.5
10653.1244666871  7859.
10655.2398302197  7958.5
10657.3534018073  8027.5
10659.4651792143  7946.
10661.5751602051  7906.
10663.6833425439  7799.
10665.7897239952  7864.
10667.8943023232  7868.
10669.9970752924  7860.5
10672.098040667  7925.5
10674.1971962113  8028.
10676.2945396898  7985.5
10678.3900688668  7900.
10680.4837815066  7991.
10682.5756753735  8026.5
10684.6657482319  8024.
10686.7539978461  7951.5
10688.8404219806  8027.
10690.9250183995  7996.5
10693.0077848673  7991.
10695.0887191482  7940.
10697.1678190067  7973.
10699.2450822071  7991.
10701.3205065137  8048.
10703.3940896908  7946.5
10705.4658295029  8054.5
10707.5357237141  7936.5
10709.603770089  7869.5
10711.6699663918  7866.5
10713.7343103868  7845.
10715.7967998384  7870.
10717.857432511  7952.5
10719.9162061688  7897.
10721.9731185763  8000.
10724.0281674977  8001.5
10726.0813506974  7924.5
10728.1326659398  8027.
10730.1821109891  7957.
10732.2296836098  7861.5
10734.2753815661  7780.
10736.3192026224  7926.
10738.3611445431  7848.
10740.4012050925  7734.
10742.4393820349  7848.5
10744.4756731346  7889.5
10746.5100761561  7920.5
10748.5425888636  7908.5
10750.5732090215  7993.5
10752.6019343941  7956.5
10754.6287627458  7829.
10756.6536918409  7787.5
10758.6767194437  7833.5
10760.6978433186  7812.5
10762.71706123  7936.
10764.7343709421  8003.
10766.7497702194  8004.5
10768.7632568261  8070.5
10770.7748285266  7972.5
10772.7844830852  8075.
10774.7922182663  8041.5
10776.7980318342  7930.5
10778.8019215533  7909.5
10780.8038851879  7924.5
10782.8039205023  7913.5
10784.8020252609  7983.5
10786.798197228  8033.5
10788.7924341679  8050.
10790.7847338451  8025.5
10792.7750940237  7952.5
10794.7635124683  7888.5
10796.7499869431  7855.5
10798.7345152125  7873.
10800.7170950407  7820.
10802.6977241922  7989.5
10804.6764004313  8036.5
10806.6531215223  8056.
10808.6278852295  7897.
10810.6006893174  7883.5
10812.5715315502  7893.
10814.5404096923  7933.
10816.507321508  7946.5
10818.4722647617  7936.
10820.4352372177  7981.5
10822.3962366404  8000.5
10824.355260794  7963.
10826.312307443  7904.5
10828.2673743516  7905.5
10830.2204592842  7828.5
10832.1715600052  7983.
10834.1206742789  7924.5
10836.0677998696  7959.5
10838.0129345417  7852.5
10839.9560760595  7841.
10841.8972221873  8015.
10843.8363706895  8001.5
10845.7735193305  7966.5
10847.7086658746  7950.
10849.641808086  8049.
10851.5729437292  7948.5
10853.5020705686  7943.5
10855.4291863683  7848.
10857.3542888928  7841.
10859.2773759065  7925.
10861.1984451736  7956.5
10863.1174944585  7954.5
10865.0345215255  8023.5
10866.9495241391  7872.5
10868.8625000634  7871.
10870.7734470629  7931.5
10872.6823629019  7924.5
10874.5892453447  8020.5
10876.4940921558  7959.
10878.3969010993  7924.5
10880.2976699398  7885.5
10882.1963964414  7914.
10884.0930783685  7946.
10885.9877134856  7920.5
10887.8802995569  7889.5
10889.7708343467  7904.
10891.6593156195  7886.5
10893.5457411395  7914.
10895.4301086711  7839.
10897.3124159786  7939.5
10899.1926608264  7987.
10901.0708409788  7962.5
10902.9469542001  7849.5
10904.8209982547  7869.5
10906.692970907  7917.5
10908.5628699213  7993.
10910.4306930618  8017.5
10912.296438093  7869.5
10914.1601027792  7881.
10916.0216848848  7867.
10917.881182174  7992.
10919.7385924112  7987.5
10921.5939133608  7967.5
10923.4471427871  7912.5
10925.2982784544  7846.5
10927.1473181271  7849.5
10928.9942595695  7925.
10930.839100546  7938.
10932.6818388208  7954.5
10934.5224721584  7849.5
10936.3609983231  7961.
10938.1974150793  7935.
10940.0317201911  8009.
10941.8639114231  8083.
10943.6939865395  7929.
10945.5219433047  7956.
10947.3477794831  7947.
10949.1714928389  8000.
10950.9930811364  7933.5
10952.8125421402  7980.
10954.6298736144  7967.5
10956.4450733235  7983.5
10958.2581390317  8006.5
10960.0690685034  8004.
10961.877859503  8048.5
10963.6845097948  8029.
10965.4890171431  7900.
10967.2913793122  7970.
10969.0915940666  7977.
10970.8896591705  8017.5
10972.6855723884  7958.5
10974.4793314844  7872.5
10976.270934223  7954.
10978.0603783686  7942.
10979.8476616854  7929.5
10981.6327819378  7960.
10983.4157368901  7962.
10985.1965243067  7849.5
10986.9751419519  8030.
10988.7515875901  8016.
10990.5258589855  8022.
10992.2979539026  8103.5
10994.0678701057  7949.
10995.8356053591  8053.
10997.6011574272  8023.
10999.3645240742  7875.5
11001.1257030646  7969.5
11002.8846921627  7990.5
11004.6414891328  7920.5
11006.3960917393  8003.5
11008.1484977465  7967.
11009.8987049187  7976.
11011.6467110203  7981.
11013.3925138156  7978.
11015.136111069  8026.5
11016.8775005448  7905.
11018.6166800073  7948.5
11020.3536472209  7985.5
11022.08839995  8025.5
11023.8209359588  7970.5
11025.5512530117  7941.5
11027.2793488731  7907.
11029.0052213073  7973.
11030.7288680786  7980.
11032.4502869513  8011.
11034.1694756899  8083.
11035.8864320586  7991.
11037.6011538219  8040.5
11039.3136387439  7868.
11041.0238845891  7800.
11042.7318891219  7818.5
11044.4376501065  7843.
11046.1411653073  7942.
11047.8424324886  7920.5
11049.5414494148  7952.5
11051.2382138502  7982.5
11052.9327235592  7925.5
11054.6249763061  7921.5
11056.3149698552  7853.5
11058.0027019709  7966.5
11059.6881704175  7890.
11061.3713729594  7836.5
11063.0523073608  7852.5
11064.7309713862  7941.
11066.4073627999  8018.5
11068.0814793662  7908.5
11069.7533188495  7809.
11071.4228790141  7858.5
11073.0901576243  7764.
11074.7551524445  7755.
11076.4178612391  7832.
11078.0782817723  7641.5
11079.7364118085  7757.
11081.392249112  7822.
11083.0457914473  7751.
11084.6970365785  7820.
11086.3459822702  7801.5
11087.9926262865  7881.5
11089.6369663919  7820.
11091.2790003507  7835.5
11092.9187259272  7744.
11094.5561408858  7766.
11096.1912429908  7810.
11097.8240300065  7717.
11099.4544996974  7799.5
11101.0826498277  7833.
11102.7084781617  7816.5
11104.3319824639  7798.
11105.9531604985  7746.5
11107.5720100299  7813.
11109.1885288225  7746.
11110.8027146405  7828.5
11112.4145652483  7856.
11114.0240784103  7753.5
11115.6312518908  7715.5
11117.2360834542  7885.
11118.8385708647  7749.
11120.4387118867  7607.5
11122.0365042846  7660.5
11123.6319458227  7718.5
11125.2250342654  7606.
11126.8157673769  7774.
11128.4041429216  7680.5
11129.9901586639  7654.
11131.5738123682  7708.5
11133.1551017986  7713.
11134.7340247197  7694.5
11136.3105788956  7728.5
11137.8847620909  7715.
11139.4565720697  7581.
11141.0260065965  7566.5
11142.5930634356  7632.
11144.1577403513  7561.
11145.7200351079  7640.
11147.2799454699  7571.5
11148.8374692015  7656.
11150.3926040672  7650.
11151.9453478311  7637.5
11153.4956982577  7614.5
11155.0436531114  7677.5
11156.5892101564  7667.
11158.1323671571  7734.5
11159.6731218778  7735.5
11161.2114720829  7683.5
11162.7474155367  7664.
11164.2809500035  7600.5
11165.8120732478  7670.5
11167.3407830338  7650.5
11168.8670771259  7576.
11170.3909532883  7586.5
11171.9124092856  7566.5
11173.4314428819  7559.
11174.9480518417  7607.5
11176.4622339293  7493.5
11177.973986909  7493.
11179.4833085451  7601.
11180.9901966021  7648.
11182.4946488442  7528.5
11183.9966630357  7579.
11185.4962369411  7626.5
11186.9933683247  7629.
11188.4880549507  7520.
11189.9802945837  7572.
11191.4700849878  7573.
11192.9574239274  7539.
11194.4423091669  7385.5
11195.9247384705  7543.5
11197.4047096028  7539.
11198.8822203279  7570.5
11200.3572684103  7467.
11201.8298516142  7486.
11203.2999677041  7621.
11204.7676144441  7585.5
11206.2327895988  7635.5
11207.6954909324  7533.
11209.1557162093  7504.
11210.6134631938  7541.
11212.0687296503  7639.5
11213.521513343  7658.5
11214.9718120364  7525.
11216.4196234947  7502.5
11217.8649454824  7572.
11219.3077757637  7548.
11220.748112103  7584.
11222.1859522647  7586.
11223.621294013  7602.
11225.0541351124  7494.5
11226.4844733271  7347.5
11227.9123064215  7433.5
11229.33763216  7489.5
11230.7604483068  7565.5
11232.1807526263  7605.5
11233.598542883  7552.
11235.013816841  7622.
11236.4265722647  7490.5
11237.8368069186  7557.5
11239.2445185668  7516.5
11240.6497049739  7498.5
11242.052363904  7493.5
11243.4524931216  7434.
11244.850090391  7484.5
11246.2451534765  7407.5
11247.6376801424  7396.5
11249.0276681532  7489.
11250.4151152731  7504.5
11251.8000192665  7522.5
11253.1823778977  7558.
11254.5621889311  7671.
11255.9394501311  7652.
11257.3141592618  7552.5
11258.6863140878  7594.
11260.0559123733  7751.
11261.4229518826  7644.
11262.7874303802  7524.
11264.1493456303  7600.
11265.5086953974  7720.5
11266.8654774456  7780.5
11268.2196895394  7668.
11269.5713294432  7554.5
11270.9203949212  7579.
11272.2668837378  7592.5
11273.6107936573  7509.5
11274.9521224442  7468.
11276.2908678626  7388.5
11277.627027677  7440.5
11278.9605996517  7376.5
11280.291581551  7405.5
11281.6199711394  7524.
11282.945766181  7491.
11284.2689644403  7425.
11285.5895636816  7482.5
11286.9075616692  7533.
11288.2229561676  7504.
11289.5357449409  7433.
11290.8459257537  7474.5
11292.1534963701  7434.5
11293.4584545546  7456.5
11294.7607980714  7505.5
11296.060524685  7467.
11297.3576321596  7605.5
11298.6521182597  7655.
11299.9439807495  7545.5
11301.2332173934  7482.5
11302.5198259557  7429.
11303.8038042008  7497.
11305.0851498931  7473.5
11306.3638607967  7528.5
11307.6399346762  7586.5
11308.9133692958  7500.5
11310.1841624198  7593.5
11311.4523118127  7453.
11312.7178152387  7514.5
11313.9806704622  7601.5
11315.2408752476  7636.
11316.4984273591  7578.5
11317.7533245612  7595.5
11319.0055646181  7572.
11320.2551452942  7520.5
11321.5020643538  7593.5
11322.7463195614  7577.5
11323.9879086811  7526.5
11325.2268294774  7493.
11326.4630797146  7422.5
11327.6966571571  7504.5
11328.9275595691  7615.5
11330.155784715  7572.
11331.3813303592  7602.5
11332.604194266  7644.5
11333.8243741998  7546.
11335.0418679249  7475.5
11336.2566732055  7577.5
11337.4687878061  7523.
11338.6782094911  7456.
11339.8849360247  7606.
11341.0889651712  7548.5
11342.2902946951  7533.
11343.4889223607  7560.5
11344.6848459323  7530.5
11345.8780631742  7528.5
11347.0685718508  7558.5
11348.2563697265  7544.5
11349.4414545655  7557.5
11350.6238241322  7483.
11351.803476191  7510.5
11352.9804085061  7512.5
11354.1546188421  7509.
11355.326104963  7509.
11356.4948646334  7685.
11357.6608956176  7624.
11358.8241956798  7465.5
11359.9847625845  7374.5
11361.1425940959  7429.
11362.2976879785  7344.5
11363.4500419965  7434.
11364.5996539144  7331.
11365.7465214963  7184.
11366.8906425068  6696.
11368.0320147101  5990.5
11369.1706358705  4946.5
11370.3065037524  3717.5
11371.4396161202  2875.
11372.5699707381  2200.5
11373.6975653706  1670.5
11374.8223977819  1294.5
11375.9444657365  1043.
11377.0637669986  889.
11378.1802993325  805.5
11379.2940605027  776.5
11380.4050482735  770.
11381.5132604091  771.
11382.6186946741  774.
11383.7213488326  776.
11384.821220649  635.
11385.9183078877  849.
